BPFI: 172.09261939218524
BPFO: 107.90738060781476
BSF: 72.32996298001724
FTF: 13.488422575976845
RFI: 35.0
